区分,２９予算定員（人）,２９予算定員短時間勤務職員数（人）,２９歳出予算額人件費（千円）,２９歳出予算額事業費（千円）,２９歳出予算額計（千円）,２９歳出予算額構成比（％）,２８予算定員（人）,２８予算定員短時間勤務職員数（人）,２８歳出予算額人件費（千円）,２８歳出予算額事業費（千円）,２８歳出予算額計（千円）,２８歳出予算額構成比（％）,比較増減予算定員（人）,比較増減予算定員短時間勤務職員数（人）,比較増減歳出予算額人件費（千円）,比較増減歳出予算額事業費（千円）,比較増減歳出予算額計（千円）,比較増減歳出予算額増減率（％）,区分
政策企画局,127,,2025827,3403173,5429000,0.1,127,,1937631,3574369,5512000,0.1,0,,88196,-171196,-83000,-1.5,政企
青少年・治安対策本部,44,,530307,1992693,2523000,0.0,44,,527503,1977497,2505000,0.0,0,,2804,15196,18000,0.7,青治
総務局,2436,34,8817837,1468795163,1477613000,21.2,2429,40,8774208,1540294792,1549069000,22.1.0,7,-6,43629,-71499629,-71456000,-4.6,総務
財務局,429,10,3522286,783951714,787474000,11.3,420,17,3479267,765389733,768869000,11.0,9,-7,43019,18561981,18605000,2.4,財務
主税局,2772,178,18426057,135131943,153558000,2.2,2747,220,18347764,135423236,153771000,2.2,25,-42,78293,-291293,-213000,-0.1,主税
生活文化局,379,20,3411602,207801398,211213000,3.0,372,23,3374003,202799997,206174000,2.9,7,-3,37599,5001401,5039000,2.4,生文
オリンピック・パラリンピック準備局,254,2,5666848,59001152,64668000,0.9,227,1,4484946,79890054,84375000,1.2,27,1,1181902,-20888902,-19707000,-23.4,オリ
都市整備局,819,26,6611076,136921924,143533000,2.1,810,41,6613732,149325268,155939000,2.2,9,-15,-2656,-12403344,-12406000,-8.0,都整
環境局,458,23,3885492,36796508,40682000,0.6,450,30,3829609,45639391,49469000,0.7,8,-7,55883,-8842883,-8787000,-17.8,環境
福祉保健局,3999,188,35245864,1114190136,1149436000,16.5,3916,245,35551148,1076809852,1112361000,15.9,83,-57,-305284,37380284,37075000,3.3,福保
病院経営本部,4,,131823,13403177,13535000,0.2,4,,131986,14331014,14463000,0.2,0,,-163,-927837,-928000,-6.4,病院
産業労働局,1210,53,10227396,462013604,472241000,6.8,1172,71,10214265,465180735,475395000,6.8,38,-18,13131,-3167131,-3154000,-0.7,産労
建設局,2357,67,17328103,573554897,590883000,8.5,2313,102,17246966,568791034,586038000,8.4,44,-35,81137,4763863,4845000,0.8,建設
港湾局,496,19,3981263,114619737,118601000,1.7,473,26,3880283,105653717,109534000,1.6,23,-7,100980,8966020,9067000,8.3,港湾
会計管理局,113,,872956,2516044,3389000,0.0,115,,889968,4850032,5740000,0.1,-2,,-17012,-2333988,-2351000,-41.0,会計
労働委員会事務局,37,1,307219,353781,661000,0.0,36,2,304377,365623,670000,0.0,1,-1,2842,-11842,-9000,-1.3,労働
収用委員会事務局,30,,287384,323616,611000,0.0,30,,306563,558437,865000,0.0,0,,-19179,-234821,-254000,-29.4,収用
議会局,150,,1071822,5130178,6202000,0.1,150,,1057027,5151973,6209000,0.1,0,,14795,-21795,-7000,-0.1,議会
人事委員会事務局,63,,482842,437158,920000,0.0,63,,485881,441119,927000,0.0,0,,-3039,-3961,-7000,-0.8,人事
監査事務局,90,,742034,283966,1026000,0.0,89,1,724391,259609,984000,0.0,1,-1,17643,24357,42000,4.3,監査
選挙管理委員会事務局,25,,199733,4734267,4934000,0.1,25,,200109,5550891,5751000,0.1,0,,-376,-816624,-817000,-14.2,選管
教育庁,64455,710,459479630,349720370,809200000,11.6,64005,757,455345016,347710984,803056000,11.5,450,-47,4134614,2009386,6144000,0.8,教育
警視庁,46501,,308333548,338233452,646567000,9.3,46387,,305561766,351039234,656601000,9.4,114,,2771782,-12805782,-10034000,-1.5,警察
東京消防庁,18348,75,120161885,128939115,249101000,3.6,18304,72,120297095,136425905,256723000,3.7,44,3,-135210,-7486790,-7622000,-3.0,消防
合計,145596,1406,1011750834,5942249166,6954000000,100.0,144708,1648,1003565504,6007434496,7011000000,100.0,888,-242,8185330,-65185330,-57000000,-0.8,合計
