区分１,区分２,２９予算定員（人）,２９予算定員短時間勤務職員数（人）,２９人件費（千円）,２９事業費（千円）,２９計（千円）,２９構成比（％）,２８予算定員（人）,２８予算定員短時間勤務職員数（人）,２８人件費（千円）,２８事業費（千円）,２８計（千円）,２８構成比（％）,比較増減予算定員（人）,比較増減予算定員短時間勤務職員数（人）,比較増減人件費（千円）,比較増減事業費（千円）,比較増減計（千円）,比較増減寄与率（％）,区分
一般会計,,145596,1406,1011750834,5942249166,6954000000,53.3,144708,1648,1003565504,6007434496,7011000000,51.3,888,-242,8185330,-65185330,-57000000,9.5,一般
特別会計,,519,28,3790395,4127582605,4131373000,31.6,511,37,3947003,4449974997,4453922000,32.6,8,-9,-156608,-322392392,-322549000,53.6,特会
特別会計,特別区財政調整,-,,-,952794000,952794000,7.3,-,,-,975572000,975572000,7.1,-,,-,-22778000,-22778000,3.8,財調
特別会計,地方消費税精算,-,,-,1808530000,1808530000,13.9,-,,-,1871806000,1871806000,13.7,-,,-,-63276000,-63276000,10.5,地消
特別会計,小笠原諸島生活再建資金,-,,-,372000,372000,0.0,-,,-,374000,374000,0.0,-,,-,-2000,-2000,0.0,小笠
特別会計,母子父子福祉貸付資金,-,,-,4467000,4467000,0.0,-,,-,4520000,4520000,0.0,-,,-,-53000,-53000,0.0,母父
特別会計,心身障害者扶養年金,-,,-,4927000,4927000,0.0,-,,-,5388000,5388000,0.0,-,,-,-461000,-461000,0.1,心障
特別会計,中小企業設備導入等資金,-,,-,2783000,2783000,0.0,-,,-,6748000,6748000,0.0,-,,-,-3965000,-3965000,0.7,中小
特別会計,林業・木材産業改善資金助成,-,,-,52000,52000,0.0,-,,-,52000,52000,0.0,-,,-,0,0,0.0,林業
特別会計,沿岸漁業改善資金助成,-,,-,48000,48000,0.0,-,,-,48000,48000,0.0,-,,-,0,0,0.0,沿岸
特別会計,と場,261,14,1771250,5013750,6785000,0.1,261,15,1780804,4867196,6648000,0.0,0,-1,-9554,146554,137000,-0.0,と場
特別会計,都営住宅等事業,238,14,1894671,176143329,178038000,1.4,231,22,2054511,176305489,178360000,1.3,7,-8,-159840,-162160,-322000,0.1,住事
特別会計,都営住宅等保証金,-,,-,1654000,1654000,0.0,-,,-,3095000,3095000,0.0,-,,-,-1441000,-1441000,0.2,住保
特別会計,都市開発資金,-,,-,2196000,2196000,0.0,-,,-,8615000,8615000,0.1,-,,-,-6419000,-6419000,1.1,都開
特別会計,用地,-,,-,18264000,18264000,0.1,-,,-,53885000,53885000,0.4,-,,-,-35621000,-35621000,5.9,用地
特別会計,公債費,-,,-,1147429000,1147429000,8.8,-,,-,1330238000,1330238000,9.7,-,,-,-182809000,-182809000,30.4,公債
特別会計,臨海都市基盤整備事業,20,,124474,2909526,3034000,0.0,19,,111688,8461312,8573000,0.1,1,,12786,-5551786,-5539000,0.9,臨基
公営企業会計,,19439,1110,131334805,1837456195,1968791000,15.1,19320,1177,130371201,2060701799,2191073000,16.0,119,-67,963604,-223245604,-222282000,36.9,公企
公営企業会計,病院,6736,105,45450179,144151821,189602000,1.5,6714,118,45173621,147548379,192722000,1.4,22,-13,276558,-3396558,-3120000,0.5,病院
公営企業会計,中央卸売市場,327,31,2787736,34549264,37337000,0.3,327,30,2851205,200169795,203021000,1.5,0,1,-63469,-165620531,-165684000,27.5,市場
公営企業会計,都市再開発事業,36,,260484,1231516,1492000,0.0,35,,260146,144221854,144482000,1.1,1,,338,-142990338,-142990000,23.8,都再
公営企業会計,臨海地域開発事業,96,1,701744,25910256,26612000,0.2,96,1,697974,100969026,101667000,0.7,0,0,3770,-75058700,-75055000,12.5,臨地
公営企業会計,港湾事業,31,,200656,6029344,6230000,0.0,31,,194385,5980615,6175000,0.0,0,,6271,48729,55000,-0.0,港湾
公営企業会計,交通事業,2802,267,18223034,59249966,77473000,0.6,2779,267,17910811,61968189,79879000,0.6,23,0,312223,-2718223,-2406000,0.4,交通
公営企業会計,高速電車事業,3379,232,23708029,238295971,262004000,2.0,3350,232,23006990,207392010,230399000,1.7,29,0,701039,30903961,31605000,-5.3,高速
公営企業会計,電気事業,24,4,188745,1775255,1964000,0.0,24,4,187545,1565455,1753000,0.0,0,0,1200,209800,211000,-0.0,電気
公営企業会計,水道事業,3587,335,24454875,494522125,518977000,4,3587,335,24601004,441454996,466056000,3.4,0,0,-146129,53067129,52921000,-8.8,水道
公営企業会計,工業用水道事業,9,,60703,2339297,2400000,0.0,9,,64674,2171326,2236000,0.0,0,,-3971,167971,164000,-0.0,工水
公営企業会計,下水道事業,2412,135,15298620,829401380,844700000,6.5,2368,190,15422846,747260154,762683000,5.6,44,-55,-124226,82141226,82017000,-13.6,下水
合計,,165554,2544,1146876034,11907287966,13054164000,100.0,164539,2862,1137883708,12518111292,13655995000,100.0,1015,-318,8992326,-610823326,-601831000,100.0,合計
