区分,平成3,平成4,平成5,平成6,平成7,平成8,平成9,平成10,平成11,平成12,平成13,平成14,平成15,平成16,平成17,平成18,平成19,平成20,平成21,平成22,平成23,平成24,平成25,平成26,平成27
歳入総額(A)（億円）,68107,70116,70836,67337,70443,69884,65854,65962,65326,65143,63928,62007,62939,63090,64334,68278,71436,70774,66583,61707,62474,62330,64552,68534,71863
歳出総額(B)（億円）,67260,69522,70262,66872,70080,69436,64800,65736,64958,64278,62234,60148,61378,61615,62202,65164,69017,69113,65504,60123,60788,60418,62022,65540,69347
形式収支(A)-(B)=(C)（億円）,847,594,575,464,363,448,1055,226,369,865,1694,1860,1561,1475,2132,3113,2419,1662,1079,1584,1685,1912,2529,2994,2515
翌年度へ繰り越すべき財源(D)（億円）,847,593,574,464,363,448,1055,1294,1250,1544,1794,2384,2010,1751,1603,1744,1463,1653,1073,1579,1681,1906,2523,2989,2510
実質収支(C)-(D)=(E)（億円）,0,0,1,0,0,0,0,-1068,-881,-678,-100,-524,-449,-276,529,1370,956,8,6,5,4,6,6,5,6
[参考]赤字限度額（億円）,-3217,-3185,-2927,-2848,-2848,-2884,-3097,-3191,-3038,-2729,-2802,-2756,-2653,-2796,-3055,-3336,-3405,-3471,-2964,-2535,-2536,-2613,-2739,-3011,-3120
経常収支比率(%),73.7,81.5,87.6,94.8,96.3,95.4,96.1,99.3,104.1,95.6,92.4,96.9,97.9,92.6,85.8,84.5,80.2,84.1,96.0,94.5,95.2,92.7,86.2,84.8,81.5
経常収支比率／うち人件費(%),32.9,37.4,41.3,44.4,44.8,42.5,42.7,44.6,45.0,39.8,38.6,40.7,42.4,39.1,34.7,32.0,31.9,32.0,39.0,38.9,38.5,36.6,33.6,32.6,31.5
経常収支比率／うち補助費等(%),21.0,23.7,24.5,26.0,26.0,24.9,24.8,25.8,29.4,28.3,26.6,27.4,26.8,25.2,25.8,23.0,23.6,25.5,29.2,29.4,31.2,32.0,30.1,29.1,29.2
経常収支比率／うち公債費(%),7.5,7.3,8.3,10.0,10.8,12.2,12.8,14.1,14.6,16.1,16.5,18.5,18.8,19.5,17.6,22.0,16.5,18.5,18.6,15.4,14.8,14,13.7,14.0.3,12.2
公債費負担比率(%),5.9,5.8,6.4,7.2,7.8,8.5,9.4,10.2,10.3,10.9,11.3,12.6,12,12.9,12.3,15.5,11.3,13.0,12.1,10.6,10.2,9.8,9.6,9.6,8.2
都債残高（億円）,23942,30777,41174,48860,58142,63249,66551,71388,76683,76750,76197,75703,76158,76077,73468,67628,62926,58956,58344,57427,57826,57103,55105,51858,48998
財政調整基金残高（億円）,1634,1762,1821,2108,1546,2189,10,484,15,1420,1891,2060,791,2090,3939,4332,5807,5458,4924,4696,3986,4179,4552,5663,6248
実質赤字比率(%),,,,,,,,,,,,,,,,,-,-,-,-,-,-,-,-,-
連結実質赤字比率(%),,,,,,,,,,,,,,,,,-,-,-,-,-,-,-,-,-
実質公債費比率(%),,,,,,,,,,,,,,,17.1,15.2,8.7,5.5,3.1,2.2,1.5,1.0,0.6,0.7,1.3
将来負担比率(%),,,,,,,,,,,,,,,,,82.9,63.8,77.0,93.6,92.7,85.4,73.2,49.7,32.1
